Time3_1 = 0:.035:.245;
Time3_2 = 0:.035:.28;
Time3_3 = 0:.035:.28;
Time3_4 = 0:.035:.07;
Time3_5 = 0:.035:.175;
Time3_6 = 0:.035:.28;
Time3_7 = 0:.035:0;
Time3_8 = 0:.035:.245;
Time3_9 = 0:.035:.28;
Time3_10 = 0:.035:.28;
Time3_11 = 0:.035:.21;
Time3_12 = 0:.035:.28;
Time3_13 = 0:.035:.07;
Time3_14 = 0:.035:.245;
Time3_15 = 0:.035:0;
Time3_16 = 0:.035:0;
Time3_17 = 0:.035:.21;
Time3_18 = 0:.035:.28;
Time3_19 = 0:.035:.28;
Time3_20 = 0:.035:.035;
Time3_21 = 0:.035:.21;
Time3_22 = 0:.035:.28;
Time3_23 = 0:.035:.175;
Time3_24 = 0:.035:.28;
Time3_25 = 0:.035:.105;
Time3_26 = 0:.035:.28;
Time3_27 =  0:.035:.28;
Time3_28 = 0:.035:.175;
Time3_29 = 0:.035:.14;
Time3_30 = 0:.035:.28;
Cell3_1 = [4.29074	4.07986	4.11793	4.22727	4.36297	4.53687	4.75214	4.92747];
Cell3_2 = [4.12515	4.17347	4.3503	4.37887	4.45706	4.5495	4.47939	4.51586	4.6126];
Cell3_3 = [3.97535	3.99794	4.18487	4.33329	4.40031	4.45875	4.60888	4.75638	4.9151];
Cell3_4 = [3.81536	4.20833	4.38091];
Cell3_5 = [3.89898	4.03793	4.22862	4.41236	4.58659	4.77583];
Cell3_6 = [3.96265	4.13548	4.22554	4.26361	4.31869	4.38681	4.45779	4.50984	4.61844];
Cell3_7 = [3.7618];
Cell3_8 = [3.87286	4.0743	4.27078	4.31674	4.41128	4.52433	4.65621	4.80453];
Cell3_9 = [3.99476	3.94445	3.97373	4.09299	4.15386	4.25715	4.39628	4.5313	4.7327];
Cell3_10 = [4.1859	4.10023	4.09805	4.19429	4.26762	4.2489	4.28316	4.34302	4.39944];
Cell3_11 = [3.98497	3.8807	3.99862	4.14683	4.32328	4.50766	4.66673];
Cell3_12 = [4.28653	4.01763	4.02054	4.1117	4.24124	4.41069	4.56495	4.72004	4.68928];
Cell3_13 = [3.76341	4.1406	4.41063];
Cell3_14 = [3.894	3.97938	4.18173	4.37162	4.54428	4.58142	4.66785	4.64843];
Cell3_15 = [3.7637];
Cell3_16 = [3.7271];
Cell3_17 = [3.89894	4.06533	4.25217	4.44712	4.60913	4.76573	4.88308];
Cell3_18 = [3.96256	4.08857	4.14055	4.25391	4.39194	4.5444	4.61564	4.73638	4.72764];
Cell3_19 = [3.94874	3.95372	4.03404	4.15936	4.32557	4.52264	4.54771	4.68599	4.96805];
Cell3_20 = [3.75692	4.08979];
Cell3_21 = [4.34943	4.09926	4.02831	4.10359	4.2349	4.41017	4.58381];
Cell3_22 = [3.85347	4.08131	4.17387	4.18859	4.28303	4.42327	4.58384	4.55546	4.53968];
Cell3_23 = [3.99164	3.98749	4.15148	4.30198	4.34653	4.45894];
Cell3_24 = [3.97629	3.95661	4.00332	4.08654	4.23724	4.38585	4.53311	4.70949	4.86118];
Cell3_25 = [3.75732	4.08015	4.24273	4.40905];
Cell3_26 = [3.97521	3.98123	4.08967	4.1947	4.29494	4.42904	4.57489	4.71541	4.84903];
Cell3_27 = [3.92471	4.0554	4.20056	4.31523	4.44649	4.59163	4.75356	4.89553	5.04281];
Cell3_28 = [3.82175	4.13752	4.2718	4.39627	4.52845	4.51599];
Cell3_29 = [3.81756	4.31858	4.59702	4.75058	4.82491];
Cell3_30 = [4.65096	4.22026	4.35289	4.39742	4.48009	4.39884	4.39755	4.41866	4.49013];

Time4_1 = 0:.035:.28;
Time4_2 = 0:.035:.385;
Time4_3 = 0:.035:.385;
Time4_4 = 0:.035:.175;
Time4_5 = 0:.035:.35;
Time4_6 = 0:.035:.315;
Time4_7 = 0:.035:.35;
Time4_8 = 0:.035:.385;
Time4_9 = 0:.035:.28;
Time4_10 = 0:.035:.175;
Time4_11 = 0:.035:.385;
Time4_12 = 0:.035:.28;
Time4_13 = 0:.035:.175;
Time4_14 = 0:.035:.35;
Time4_15 = 0:.035:.07;
Time4_16 = 0:.035:.385;
Time4_17 = 0:.035:.14;
Time4_18 = 0:.035:.385;
Time4_19 = 0:.035:.385;
Time4_20 = 0:.035:.385;
Time4_21 = 0:.035:.21;
Time4_22 = 0:.035:.28;
Time4_23 = 0:.035:.35;
Cell4_1 = [3.9336	3.97267	4.04237	4.12883	4.19922	4.19622	4.24055	4.28821	4.37288];
Cell4_2 = [4.04661	4.06856	4.08185	4.11706	4.16321	4.12226	4.13727	4.18994	4.25696	4.31018	4.34911	4.35371];
Cell4_3 = [4.20503	3.9813	4.03155	4.09384	4.15167	4.2114	4.27391	4.33632	4.39465	4.35968	4.23514	4.17826];
Cell4_4 = [3.8785	4.17615	4.29453	4.3918	4.45485	4.48605];
Cell4_5 = [4.27431	3.86752	3.91522	3.96731	4.02123	4.09741	4.12533	4.17796	4.2546	4.34804	4.45298];
Cell4_6 = [4.27156	4.04129	4.04907	4.10241	4.19845	4.29534	4.37543	4.46362	4.54439	4.64953];
Cell4_7 = [3.90428	4.00099	4.12417	4.21259	4.2706	4.34742	4.40655	4.48666	4.5158	4.5201	4.57367];
Cell4_8 = [3.89713	4.19644	4.32279	4.34049	4.34614	4.36959	4.38276	4.38668	4.4776	4.3146	4.29909	4.31283];
Cell4_9 = [3.97058	3.93211	4.02522	4.1573	4.25233	4.32787	4.41344	4.46015	4.50862];
Cell4_10 = [4.0328	4.07378	4.17852	4.24524	4.38826	4.49296];
Cell4_11 = [4.04634	4.06792	4.09407	4.00249	3.9302	3.94205	4.00079	4.07399	4.14948	4.21917	4.32044	4.38338];
Cell4_12 = [4.07737	3.88431	3.99167	4.12005	4.24638	4.31735	4.40409	4.52986	4.6343];
Cell4_13 = [3.84147	3.95022	4.07975	4.17984	4.26168	4.36085];
Cell4_14 = [3.92036	3.98775	4.09532	4.19647	4.27366	4.35959	4.43778	4.52241	4.58518	4.58805	4.63202];
Cell4_15 = [3.73195	4.08031	4.22321];
Cell4_16 = [4.30149	4.06082	4.12361	4.14204	4.12917	4.14865	4.19112	4.22023	4.16839	4.17252	4.19069	4.32195];
Cell4_17 = [3.85459	4.15311	4.28563	4.37095	4.41846];
Cell4_18 = [4.27624	4.04792	4.13908	4.18436	4.22424	4.29235	4.20544	4.16883	4.18863	4.2399	4.3117	4.47713];
Cell4_19 = [3.9818	4.03237	4.15202	4.23428	4.24252	4.28419	4.29973	4.15836	4.12028	4.1717	4.2689	4.36744];
Cell4_20 = [4.14782	4.14751	4.24781	4.34212	4.32619	4.31284	4.28641	4.24501	4.26496	4.24899	4.19981	4.23556];
Cell4_21 = [3.89578	4.05553	4.1699	4.24941	4.29694	4.33319	4.40533];
Cell4_22 = [3.80908	3.82859	3.92082	4.02194	4.11077	4.18634	4.27134	4.33646	4.41075];
Cell4_23 = [3.85752	3.93815	4.02179	4.08213	4.14288	4.24866	4.30867	4.40449	4.50472	4.57312	4.61857];

Time40_1 = 0:.035:0;
Time40_2 = 0:.035:.245;
Time40_3 = 0:.035:.28;
Time40_4 = 0:.035:.07;
Time40_5 = 0:.035:.21;
Time40_6 = 0:.035:.175;
Time40_7 = 0:.035:.175;
Time40_8 = 0:.035:.28;
Time40_9 = 0:.035:.35;
Time40_10 = 0:.035:.315;
Time40_11 = 0:.035:.315;
Time40_12 = 0:.035:.315;
Time40_13 = 0:.035:.035;
Time40_14 = 0:.035:.385;
Time40_15 = 0:.035:.21;
Time40_16 = 0:.035:.175;
Time40_17 = 0:.035:.14;
Time40_18 = 0:.035:.315;
Time40_19 = 0:.035:.35;
Time40_20 = 0:.035:.385;
Time40_21 = 0:.035:.315;
Time40_22 = 0:.035:.315;
Time40_23 = 0:.035:.385;
Time40_24 = 0:.035:.21;
Time40_25 = 0:.035:.385;
Time40_26 = 0:.035:.385;
Time40_27 =  0:.035:.385;
Cell40_1 = [3.77233];
Cell40_2 = [3.81593	4.08518	4.06557	4.12686	4.21883	4.33555	4.4398	4.56859];
Cell40_3 = [3.75912	4.05795	4.23274	4.38198	4.45237	4.51221	4.51182	4.59497	4.61314];
Cell40_4 = [3.76108	4.08849	4.21716];
Cell40_5 = [3.90307	3.9806	4.00584	4.09085	4.19729	4.30758	4.41455];
Cell40_6 = [3.79196	4.238	4.37341	4.45833	4.48443	4.54291];
Cell40_7 = [3.8333	4.23697	4.2412	4.35621	4.42344	4.49543];
Cell40_8 = [4.22277	4.01061	3.96971	3.93299	4.0128	4.12789	4.20585	4.26158	4.34926];
Cell40_9 = [4.30744	3.92203	3.99811	4.07475	4.17495	4.2502	4.19107	4.18933	4.20907	4.14106	4.17931];
Cell40_10 = [3.91781	3.97244	4.11029	4.16057	4.24405	4.34129	4.44925	4.52781	4.64528	4.75471];
Cell40_11 = [3.87022	4.06061	4.21619	4.27492	4.32389	4.40663	4.50145	4.59607	4.69114	4.63014];
Cell40_12 = [3.86753	4.08101	4.21551	4.3306	4.425	4.51071	4.60362	4.68483	4.80724	4.84242];
Cell40_13 = [3.77724	3.92857];
Cell40_14 = [3.86283	4.05386	4.20183	4.32245	4.42479	4.5162	4.59289	4.74724	4.62831	4.36934	4.2666	4.28994];
Cell40_15 = [3.9926	3.98827	4.13512	4.23905	4.34269	4.43917	4.48763];
Cell40_16 = [3.92591	3.95202	4.09146	4.21351	4.36669	4.47753];
Cell40_17 = [3.77914	3.97292	4.15252	4.29306	4.38809];
Cell40_18 = [4.10208	3.95987	3.9752	3.92434	3.97504	4.07939	4.17416	4.24386	4.3246	4.39579];
Cell40_19 = [4.13849	4.04132	4.02453	4.09985	4.20006	4.30224	4.41592	4.52513	4.63934	4.75314	4.79919];
Cell40_20 = [4.27892	4.05985	4.17564	4.18562	4.24027	4.25977	4.30544	4.3726	4.44925	4.59828	4.39559	4.38066];
Cell40_21 = [4.07915	4.00683	4.08631	4.20404	4.31653	4.41993	4.52096	4.59356	4.70978	4.70494];
Cell40_22 = [4.59091	4.07721	4.1896	4.28857	4.27286	4.24565	4.03797	4.03138	4.12697	4.23614];
Cell40_23 = [4.08351	4.04933	4.22883	4.38033	4.48596	4.58078	4.56536	4.50739	4.55112	4.58453	4.66435	4.42765];
Cell40_24 = [3.82267	4.0537	4.20042	4.31424	4.41891	4.51463	4.61946];
Cell40_25 = [4.11906	4.18562	4.30763	4.21314	4.21773	4.25967	4.23413	4.22009	4.22414	4.19482	4.17024	4.175];
